x	G	delta_G	rs	theta
0.205875	0.013027848478130107	1.3027848478130106e-06	10.0	0.0
0.239625	0.017649696855142845	1.7649696855142846e-06	10.0	0.0
0.273375	0.022971877524151373	2.2971877524151375e-06	10.0	0.0
0.307125	0.028994277986914355	2.8994277986914355e-06	10.0	0.0
0.340875	0.03571667888046617	3.571667888046617e-06	10.0	0.0
0.374625	0.043138717199594154	4.3138717199594155e-06	10.0	0.0
0.408375	0.05125984404777803	5.1259844047778036e-06	10.0	0.0
0.442125	0.06007927677459578	6.007927677459578e-06	10.0	0.0
0.475875	0.06959594545044452	6.9595945450444525e-06	10.0	0.0
0.509625	0.07980843374000574	7.980843374000573e-06	10.0	0.0
0.543375	0.09071491436075148	9.071491436075148e-06	10.0	0.0
0.5771250000000001	0.10231307944792356	1.0231307944792356e-05	10.0	0.0
0.6108750000000001	0.1146000662884231	1.1460006628842312e-05	10.0	0.0
0.6446250000000001	0.1275723790283199	1.275723790283199e-05	10.0	0.0
0.6783750000000001	0.14122580709762372	1.4122580709762372e-05	10.0	0.0
0.7121250000000001	0.15555534122711287	1.5555534122711286e-05	10.0	0.0
0.7458750000000001	0.1705550880512511	1.7055508805125113e-05	10.0	0.0
0.7796250000000001	0.1862181843948854	1.862181843948854e-05	10.0	0.0
0.8133750000000001	0.20253671242636156	2.025367124263616e-05	10.0	0.0
0.8471250000000001	0.21950161692344983	2.1950161692344984e-05	10.0	0.0
0.8808750000000001	0.23710262593919615	2.3710262593919616e-05	10.0	0.0
0.9146250000000001	0.25532817617139814	2.5532817617139813e-05	10.0	0.0
0.9483750000000001	0.274165344331371	2.7416534433137105e-05	10.0	0.0
0.9821250000000001	0.2935997857752463	2.9359978577524634e-05	10.0	0.0
1.015875	0.3136156816050041	3.136156816050041e-05	10.0	0.0
1.049625	0.3341956953681412	3.341956953681412e-05	10.0	0.0
1.0833750000000002	0.35532094038610207	3.553209403861021e-05	10.0	0.0
1.1171250000000001	0.3769709586245402	3.7697095862454024e-05	10.0	0.0
1.150875	0.39912371188562434	3.991237118856244e-05	10.0	0.0
1.184625	0.4217555859566345	4.2175558595663453e-05	10.0	0.0
1.2183750000000002	0.4448414081928947	4.448414081928947e-05	10.0	0.0
1.2521250000000002	0.4683544788495208	4.683544788495208e-05	10.0	0.0
1.285875	0.4922666163084835	4.9226661630848354e-05	10.0	0.0
1.319625	0.5165482161778968	5.165482161778968e-05	10.0	0.0
1.3533750000000002	0.541168324072022	5.41168324072022e-05	10.0	0.0
1.3871250000000002	0.5660947217157652	5.660947217157653e-05	10.0	0.0
1.420875	0.5912940258588602	5.912940258588602e-05	10.0	0.0
1.454625	0.6167317993345985	6.167317993345986e-05	10.0	0.0
1.4883750000000002	0.6423726734578659	6.423726734578658e-05	10.0	0.0
1.5221250000000002	0.6681804808289776	6.681804808289777e-05	10.0	0.0
1.5558750000000001	0.6941183974948519	6.94118397494852e-05	10.0	0.0
1.589625	0.7201490933184869	7.201490933184869e-05	10.0	0.0
1.6233750000000002	0.7462348893224595	7.462348893224596e-05	10.0	0.0
1.6571250000000002	0.7723379207028183	7.723379207028182e-05	10.0	0.0
1.6908750000000001	0.7984203041566869	7.98420304156687e-05	10.0	0.0
1.724625	0.8244443081302637	8.244443081302638e-05	10.0	0.0
1.7583750000000002	0.8503725245736201	8.503725245736201e-05	10.0	0.0
1.7921250000000002	0.8761680407844452	8.761680407844453e-05	10.0	0.0
1.8258750000000001	0.9017946099342156	9.017946099342156e-05	10.0	0.0
1.859625	0.9272168188964914	9.272168188964915e-05	10.0	0.0
1.8933750000000003	0.9524002520373829	9.52400252037383e-05	10.0	0.0
1.9271250000000002	0.9773116496817323	9.773116496817324e-05	10.0	0.0
1.9608750000000001	1.0019190600341825	0.00010019190600341826	10.0	0.0
1.994625	1.02619198341088	0.000102619198341088	10.0	0.0
2.028375	1.0501015077239026	0.00010501015077239027	10.0	0.0
2.062125	1.0736204342552873	0.00010736204342552874	10.0	0.0
2.0958750000000004	1.0967233928594795	0.00010967233928594796	10.0	0.0
2.1296250000000003	1.119386945840759	0.00011193869458407591	10.0	0.0
2.163375	1.141589679864401	0.0001141589679864401	10.0	0.0
2.1971249999999998	1.1633122853756328	0.00011633122853756329	10.0	0.0
2.230875	1.1845376231175615	0.00011845376231175616	10.0	0.0
2.264625	1.205250777456892	0.0001205250777456892	10.0	0.0
2.298375	1.2254390963431963	0.00012254390963431963	10.0	0.0
2.332125	1.2450922178425579	0.00012450922178425578	10.0	0.0
2.365875	1.2642020832985499	0.000126420208329855	10.0	0.0
2.399625	1.282762937281638	0.0001282762937281638	10.0	0.0
2.433375	1.3007713145913453	0.00013007713145913455	10.0	0.0
2.467125	1.3182260146730207	0.00013182260146730207	10.0	0.0
2.500875	1.3351280639020777	0.00013351280639020777	10.0	0.0
2.534625	1.351480666272483	0.00013514806662724832	10.0	0.0
2.568375	1.3672891431025358	0.0001367289143102536	10.0	0.0
2.602125	1.3825608624391472	0.00013825608624391472	10.0	0.0
2.635875	1.3973051589015895	0.00013973051589015895	10.0	0.0
2.669625	1.4115332447567916	0.00014115332447567916	10.0	0.0
2.703375	1.4252581130606008	0.00014252581130606008	10.0	0.0
2.737125	1.4384944337329386	0.00014384944337329387	10.0	0.0
2.770875	1.451258443459556	0.0001451258443459556	10.0	0.0
2.804625	1.4635678303292403	0.00014635678303292403	10.0	0.0
2.838375	1.4754416141230853	0.00014754416141230854	10.0	0.0
2.872125	1.486900023172092	0.0001486900023172092	10.0	0.0
2.905875	1.4979643686913056	0.00014979643686913055	10.0	0.0
2.939625	1.508656917483294	0.0001508656917483294	10.0	0.0
2.973375	1.5190007638815592	0.00015190007638815592	10.0	0.0
3.007125	1.5290197017759248	0.0001529019701775925	10.0	0.0
3.040875	1.538738097527634	0.00015387380975276339	10.0	0.0
3.074625	1.5481807645424146	0.00015481807645424146	10.0	0.0
3.108375	1.5573728402257012	0.00015573728402257014	10.0	0.0
3.142125	1.5663396659961948	0.00015663396659961948	10.0	0.0
3.175875	1.5751066709826174	0.00015751066709826175	10.0	0.0
3.209625	1.5836992599744621	0.00015836992599744623	10.0	0.0
3.243375	1.5921427061414521	0.0001592142706141452	10.0	0.0
3.277125	1.6004620489788108	0.00016004620489788108	10.0	0.0
3.3108750000000002	1.6086819978770044	0.00016086819978770045	10.0	0.0
3.344625	1.616826841655807	0.0001616826841655807	10.0	0.0
3.378375	1.6249203643439951	0.00016249203643439953	10.0	0.0
3.412125	1.6329857674281338	0.0001632985767428134	10.0	0.0
3.445875	1.6410455987372636	0.00016410455987372636	10.0	0.0
3.479625	1.6491216880753081	0.00016491216880753083	10.0	0.0
3.513375	1.6572350896600132	0.00016572350896600132	10.0	0.0
3.547125	1.6654060313766186	0.00016654060313766187	10.0	0.0
3.5808750000000003	1.6736538708065243	0.00016736538708065244	10.0	0.0
3.614625	1.6819970579462202	0.00016819970579462203	10.0	0.0
3.648375	1.6904531044899218	0.0001690453104489922	10.0	0.0
3.682125	1.6990385595108597	0.00016990385595108597	10.0	0.0
3.715875	1.7077689913411764	0.00017077689913411764	10.0	0.0
3.749625	1.7166589754189319	0.0001716658975418932	10.0	0.0
3.783375	1.7257220878429238	0.00017257220878429239	10.0	0.0
3.817125	1.7349709043518622	0.00017349709043518622	10.0	0.0
3.8508750000000003	1.7444170044238956	0.00017444170044238956	10.0	0.0
3.884625	1.7540709801755408	0.00017540709801755407	10.0	0.0
3.918375	1.7639424497256004	0.00017639424497256005	10.0	0.0
3.952125	1.7740400746795864	0.00017740400746795864	10.0	0.0
3.985875	1.784371581383358	0.00017843715813833583	10.0	0.0
4.0196250000000004	1.7949437855909856	0.00017949437855909855	10.0	0.0
4.053375	1.8057626201910622	0.00018057626201910623	10.0	0.0
4.087125	1.8168331656376921	0.00018168331656376923	10.0	0.0
4.120875	1.8281596827368882	0.00018281596827368884	10.0	0.0
4.154625	1.8397456474459772	0.00018397456474459774	10.0	0.0
4.188375	1.851593787352611	0.0001851593787352611	10.0	0.0
4.222125	1.8637061195108588	0.00018637061195108588	10.0	0.0
4.2558750000000005	1.8760839893244228	0.00018760839893244228	10.0	0.0
4.289625	1.8887281101810542	0.00018887281101810543	10.0	0.0
4.323375	1.9016386035575075	0.00019016386035575076	10.0	0.0
4.357125	1.9148150393306436	0.00019148150393306438	10.0	0.0
4.390875	1.9282564760474352	0.00019282564760474352	10.0	0.0
4.424625	1.9419615009242956	0.00019419615009242958	10.0	0.0
4.458375	1.9559282693643505	0.00019559282693643507	10.0	0.0
4.492125	1.9701545437996117	0.00019701545437996118	10.0	0.0
4.525875	1.9846377316835242	0.00019846377316835243	10.0	0.0
4.5596250000000005	1.9993749224776909	0.0001999374922477691	10.0	0.0
4.593375	2.0143629234947857	0.0002014362923494786	10.0	0.0
4.627125	2.0295982944774194	0.00020295982944774194	10.0	0.0
4.660875	2.0450773808100884	0.00020450773808100884	10.0	0.0
4.694625	2.0607963452780558	0.0002060796345278056	10.0	0.0
4.728375	2.076751198303101	0.00020767511983031008	10.0	0.0
4.762125	2.0929378266014247	0.00020929378266014247	10.0	0.0
4.7958750000000006	2.1093520202234752	0.00021093520202234754	10.0	0.0
4.829625	2.1259894979491696	0.00021259894979491696	10.0	0.0
4.8633750000000004	2.142845931024695	0.0002142845931024695	10.0	0.0
4.897125	2.159916965238928	0.0002159916965238928	10.0	0.0
4.930875	2.1771982413483633	0.00021771982413483634	10.0	0.0
4.964625	2.1946854138693537	0.00021946854138693537	10.0	0.0
4.998375	2.212374168265438	0.00022123741682654382	10.0	0.0
